-6.294914746540909518e-49 -2.202050795594841479e-46 -2.741720879067510928e-44 -9.199140774670421877e-43 9.738530416682594809e-41 9.350978783143795418e-39 7.589999813562324708e-38 -2.129004563821218065e-35 -7.440961724926704821e-34 1.608235837059763805e-32 1.223909433991745801e-30 4.873970568379340085e-30 -8.345693286478897063e-28 -1.334013525662412062e-26 1.961466118731820264e-25 6.333133904686446911e-24 2.937680692434353348e-23 -7.984761496466965368e-22 -1.709320340155956566e-20 -6.252469697656113908e-20 1.332797823868169692e-18
-3.462023795373218355e-46 -1.200792661589250007e-43 -1.472442976885050888e-41 -4.621062554456423358e-40 5.512012369218156356e-38 5.008721101289878043e-36 2.818370766948574701e-35 -1.186692241277097847e-32 -3.828791535721866775e-31 9.848663140305079534e-30 6.591027162883510403e-28 1.336492540802173696e-27 -4.692121996696652958e-25 -6.650900084129566079e-24 1.210513588364463517e-22 3.415020324364559702e-21 1.240920997931594430e-20 -4.787066717221549211e-19 -9.433285993450215404e-18 -2.662865326767399333e-17 8.292311229741132549e-16
-7.556013287695178643e-44 -2.595652927766992221e-41 -3.126905106939858178e-39 -9.010662447498345725e-38 1.241419407914485664e-35 1.060181337118013712e-33 2.796907856321450722e-33 -2.630089865734384786e-30 -7.704523194066641463e-29 2.402562447676040425e-27 1.405344638876603600e-25 -4.665389471943625459e-26 -1.053221943122142398e-22 -1.283856508121134929e-21 2.999097636090133552e-20 7.358185772646723342e-19 1.733652816434563452e-18 -1.182237499439884267e-16 -2.098943950259772905e-15 -3.219540436046843833e-15 2.128474011183375459e-13
-8.130431262986902446e-42 -2.760154120524302668e-39 -3.251200745521406306e-37 -8.290107164025861888e-36 1.385765696096895194e-33 1.097041102901307183e-31 -1.427745548924330593e-31 -2.883064110767657562e-28 -7.419592697571682663e-27 2.927001912061284772e-25 1.468940322863315098e-23 -5.120590588517629419e-23 -1.177410966745210060e-20 -1.156268942689368556e-19 3.761706441526309100e-18 7.897464643568074226e-17 3.978000060801588872e-17 -1.533503430761689877e-14 -2.346913713047095728e-13 1.703439467738862230e-13 2.836554609896627526e-11
-4.172841449440770041e-40 -1.391699371443921945e-37 -1.582605986912996824e-35 -3.191537381679345472e-34 7.482920536060508126e-32 5.288721289070995357e-30 -4.143229053156814571e-29 -1.518326230895425101e-26 -3.120733484454952810e-25 1.770374100140117153e-23 7.187801713135951966e-22 -6.373404288416519402e-21 -6.421249567798083767e-19 -4.075022380691813181e-18 2.415263674808693493e-16 4.107367036916166079e-15 -1.261960802624189222e-14 -1.083062023391516390e-12 -1.263054773615081434e-11 7.593131750735442828e-11 1.929321501766029548e-09
-5.695678369889341119e-39 -1.778810313975783828e-36 -1.744508486981888547e-34 7.384682892447595412e-34 1.190882785193609219e-30 5.482659731439622176e-29 -2.230606076325870265e-27 -2.231733048330404195e-25 -7.222968914809520407e-25 3.740889316508873048e-22 7.768534998456998019e-21 -2.852019897860071170e-19 -1.066791475600969972e-17 5.156178849236870095e-17 6.174858903250122430e-15 5.807692928806945478e-14 -1.256725285353984049e-12 -3.572037869604161378e-11 -1.270752191623888167e-10 6.996314530471486253e-09 3.668682702813316437e-08
2.699910108943903196e-37 9.276547345226437882e-35 1.116648131759040291e-32 3.176129224657101558e-31 -4.514034388747636678e-29 -3.845910558199982841e-27 -1.026073898930666534e-26 9.641120339606091867e-24 2.896907865274646062e-22 -8.568223082854660836e-21 -5.319567902810045402e-19 -9.093387621108668718e-19 3.835718929748073357e-16 6.036622223533534653e-15 -7.502222615012633468e-14 -3.036973247585514713e-12 -3.838923086706126220e-11 7.041786704278037633e-11 1.825832499790781685e-08 2.232609707988224262e-07 -3.351875713776048974e-06
6.924917795535455225e-36 2.241147625005275113e-33 2.388734428880345022e-31 2.331826119403209594e-30 -1.348077764325999037e-27 -7.833665676775685965e-26 1.664141488754447665e-24 2.649671362023345186e-22 3.255989592305183948e-21 -3.765841760138932484e-19 -1.124395182598496180e-17 2.163742130150297668e-16 1.239865977236324844e-14 2.860233996483296665e-14 -5.766357812100189468e-12 -9.422566221276617955e-11 3.242352266416500306e-10 3.890702268282846291e-08 6.580097304125537768e-07 -4.569383920736880485e-06 -1.717465108738451725e-04
-5.413122051909437233e-35 -1.937663032692988525e-32 -2.501135381363664355e-30 -9.437405977132822716e-29 8.284279843985317275e-27 9.039197307498662069e-25 1.264031435673436518e-23 -1.935984146025458420e-21 -8.636894112413668145e-20 8.883412478420097600e-19 1.328416499360359568e-16 1.914246334206373747e-15 -6.778281196429536135e-14 -2.581295570716501933e-12 -2.246499660714160736e-11 6.717367210292382618e-10 3.493311736691443009e-08 6.366991894604618273e-07 -7.595448407898323433e-06 -5.219457456786157556e-04 5.053492814121716796e-03
-1.086549629570640232e-33 -3.475023438668094631e-31 -3.602554328888674759e-29 -1.823631753162859208e-28 2.180708016077297950e-25 1.165801276257978393e-23 -3.282695504364072296e-22 -4.259515580439023337e-20 -3.713540880024393482e-19 6.617826789993309160e-17 1.755295738272002675e-15 -4.399482055989096714e-14 -2.246769464707081271e-12 -4.265301849851025770e-12 1.215824258000848801e-09 2.723170962545642578e-08 9.460928569524935327e-08 -1.569654696991279659e-05 -6.782202532495419916e-04 -7.859459103264783073e-03 1.433043905091968773e+00
3.483978434077297834e-33 1.207042719796190790e-30 1.467448821756395402e-28 4.225346212135395096e-27 -6.099930621318407384e-25 -5.319186162876287478e-23 -1.860726107699695016e-22 1.386248852548425894e-19 4.565397733559480385e-18 -1.195382507807495518e-16 -9.098745693704876340e-15 -6.732065491882965797e-14 6.835426033507584320e-12 2.180835402831254797e-10 1.076960324289152902e-09 -1.587653283270066029e-07 -7.480960452327542704e-06 -5.219870347793596240e-05 1.000830791595522587e-02 1.338928276917128013e+00 -2.905781979522405578e+01
