8.145685183982982076e-54 5.305336228574541091e-51 1.153959216106457934e-48 6.348852099821227991e-47 -1.011384549214553935e-44 -1.187961459658149567e-42 3.613468467711806690e-41 7.405986542712064772e-39 -1.323767432812173567e-37 -2.625235896598812213e-35 7.564143480889889416e-34 5.194452993306611497e-32 -2.936789306313718369e-30 -2.108474084097347475e-29 5.376287143187457606e-27 -1.153517854329395671e-25 -2.709557222214898465e-24 1.555805697490074380e-22 -1.690159920349779348e-21 -1.894119309117077157e-20 9.411328600369717429e-19
2.834630967748369536e-51 1.769242397715477826e-48 3.724119862112135153e-46 1.959334144661060940e-44 -3.223844945267788809e-42 -3.682533656835250976e-40 1.100559065706659980e-38 2.232620184844021166e-36 -3.706163991610245534e-35 -7.560992513098718830e-33 2.076015827047371213e-31 1.390393221833685870e-29 -7.896373372992186301e-28 -3.242112215867949590e-27 1.360453159001269833e-24 -3.391862596574743670e-23 -5.188987892734337527e-22 3.972525584479210441e-20 -5.532179823077458254e-19 -1.873677837019567290e-18 3.112534666153723136e-16
3.458727452025841363e-49 2.049947393504634744e-46 4.128740907197908282e-44 2.021964051892091788e-42 -3.541738215440329823e-40 -3.863263832687730034e-38 1.148352949368445723e-36 2.262717601618277057e-34 -3.361306213352488339e-33 -7.191842428389848484e-31 1.783041190999098461e-29 1.186271179408631216e-27 -6.536703646025585238e-26 -1.617560469774974781e-27 1.015072165615557285e-22 -3.123096672164356461e-21 -1.682107528877679333e-20 3.026293244201152484e-18 -5.820220450542899159e-17 3.264676233541051175e-16 4.182255148516593461e-14
1.415937577614429599e-47 7.550551701298664713e-45 1.368792887313021082e-42 5.384616121931944142e-41 -1.161425587366964164e-38 -1.109485447615582067e-36 3.300968515126008702e-35 5.943402637170408262e-33 -4.922832778131969665e-32 -1.543468479057767344e-29 1.540754199772559106e-28 1.606988956610959619e-26 -3.942387509153589096e-25 1.558894913470146477e-23 -2.645614098017516364e-22 -4.327281625931597660e-20 2.175603590409096192e-18 2.538423830307459436e-18 -1.902923934541224379e-15 6.996687305913599728e-14 3.006868042816497974e-12
-3.483253301441309733e-46 -2.469609650556775141e-43 -5.686371346389453665e-41 -3.378361077097880353e-39 4.929459653637661333e-37 5.999930281812112887e-35 -1.875235811381363166e-33 -3.703475842686161888e-31 8.263862859728115334e-30 1.293799446056060717e-27 -4.810519050498481162e-26 -2.362502682406429885e-24 1.764470276812099321e-22 -2.954470910946507580e-23 -3.032068138918179548e-19 7.664434600667353565e-18 1.581335742011448829e-16 -9.049900408478350932e-15 4.718325172207772923e-14 6.212652945668079643e-12 1.271719593514502614e-10
-3.695013142657365282e-44 -2.101330765235148035e-41 -4.054752894421383860e-39 -1.806024510910001329e-37 3.473614062208678184e-35 3.507374001441693019e-33 -1.131145285513222428e-31 -1.953300445074685362e-29 3.240541368795211673e-28 5.585474476756643726e-26 -1.553787992819717914e-24 -7.054075409523944098e-23 5.124872290307491148e-21 -6.361263629427768113e-20 -7.025210952408942387e-18 3.149258318289430785e-16 9.004741911651702877e-16 -3.192353977095813438e-13 4.180122829870311996e-12 3.901231962638336016e-10 6.310399231532088346e-09
-2.065635042206331018e-43 -5.595813431706730079e-41 6.017124351539231275e-40 9.867780531525398202e-37 -3.464262458502697741e-35 -1.481882184010474742e-32 5.941982483198068820e-31 1.398311724960150295e-28 -5.511288828625452761e-27 -7.402265189368336296e-25 3.384747838730439315e-23 2.045375912756655024e-21 -1.245693873642227093e-19 -2.146347028376092958e-18 2.315028031157249709e-16 -6.271150950803480645e-16 -1.683548375977049797e-13 -1.276960779075757062e-12 1.305336393284960921e-10 2.622299773664040882e-08 5.622752095209163301e-07
2.612549730540674067e-41 1.500601905017281505e-38 2.890950955818082802e-36 1.185962932727380623e-34 -2.685544596332960150e-32 -2.515473868945231314e-30 1.063631966232871725e-28 1.503827044450349823e-26 -3.789330073585334101e-25 -4.771060315991388879e-23 1.656834067909569676e-21 7.842500025808431793e-20 -5.127731809674121555e-18 -1.969218043870929035e-17 7.883547117854788030e-15 -8.750285129654440476e-14 -5.321938015151650545e-12 -9.803556343362327257e-11 1.492287334118758421e-08 1.163029842424645954e-06 6.704619097436729624e-05
1.904910678489293722e-40 7.636712088445193183e-38 7.751320464793886659e-36 -5.550450159434532228e-34 -1.139473166366657039e-31 1.871989870585702621e-30 7.411974321317298560e-28 -1.231180428827811944e-26 -2.967462937546381677e-24 8.010843921970355959e-23 7.157635199010274020e-21 -1.781311250561409403e-19 -1.145434112370376915e-17 -5.256646599001689577e-16 4.122840262503433229e-14 3.977216429327843141e-12 -2.141374965578981410e-10 -9.073366523455469539e-09 7.728091544277208254e-07 6.485698819407039969e-05 2.901311619805157452e-03
-6.838418124460199041e-39 -3.900687460769850595e-36 -7.651013597331745427e-34 -3.728722888842601765e-32 6.308529814583321843e-30 7.195188421056683942e-28 -1.459303936349590696e-26 -4.104781036660294525e-24 -7.683681814109954133e-24 1.227932266156539288e-20 9.821368425617630502e-20 -1.855121616602876157e-17 -5.124959937929081926e-16 -2.806173962086747008e-15 3.206717543550327453e-12 5.929972799181639469e-11 -1.155276051647147619e-08 -3.333050342938257735e-07 7.651560288975466182e-05 1.023543556426264028e-03 3.623382401650120932e-01
-5.616686551472560432e-38 -2.659946576039995724e-35 -4.099457794462657487e-33 -4.425505843709759732e-32 5.062948051510256424e-29 3.917994330304135765e-27 -1.954775222373624531e-25 -3.466397463900693713e-23 -1.614941755022829075e-22 1.736801137333358149e-19 5.416100578454232859e-18 -6.653359895702736545e-16 -3.546237055245935149e-14 2.337314128547671647e-12 1.764981358907121684e-10 -7.872837881810170976e-09 -9.508933019160445564e-07 4.022328480366987597e-05 6.676677597885334776e-03 5.718057512715307711e-01 4.232940944232577607e+01
