8.621817352809861352e-55
-6.699425988975201701e-51
2.135538802351356377e-47
-3.323558173770510565e-44
1.761984576990226152e-41
2.066208601254068115e-38
-3.273368062368199420e-35
-4.414234290637441819e-33
4.057702171481502496e-29
-2.303633256914850854e-26
-2.840710781483815055e-23
5.929643966548681312e-20
-5.235740712445811320e-17
2.929326356797450022e-14
-1.144775795729461149e-11
3.259190519648021862e-09
-6.930749009115201978e-07
1.118012095309975557e-04
-1.401541126852152812e-02
1.606118467970104158e+00
-1.859181731693125244e+02
