-2.118192687549920219e-54
1.650274385922297990e-50
-5.274478301794009131e-47
8.230244900571228374e-44
-4.375671997267779667e-41
-5.131504866726228195e-38
8.133863408155450624e-35
1.131472417582153605e-32
-1.011295697184182190e-28
5.640733604254504007e-26
7.192151844856434115e-23
-1.466932946679048244e-19
1.264619936034697021e-16
-6.801585936048579721e-14
2.484905132812062063e-11
-6.320927123948274926e-09
1.123633433600090202e-06
-1.385692605376416260e-04
1.153241848787449515e-02
-8.012186693009129002e-01
5.929812754121748952e+01
